  0.0   2.0  1.36  0.34145  0.12416  0.80  0.01  0.16  0.26  0.01  0.10  0.00047  6.30
  2.0   5.0  1.36  0.34145  0.12416  0.20  0.04  0.16  0.26  0.01  0.07  0.00047  6.30
  5.0  10.0  1.36  0.34145  0.12416  0.00  0.25  0.16  0.26  0.01  0.05  0.00047  6.30
 10.0  20.0  1.36  0.34145  0.12416  0.00  0.30  0.16  0.26  0.01  0.01  0.00047  6.30
 20.0  30.0  1.36  0.34145  0.12416  0.00  0.10  0.16  0.26  0.01  0.00  0.00047  6.30
 30.0  45.0  1.36  0.34145  0.12416  0.00  0.05  0.16  0.26  0.01  0.00  0.00047  6.30
 45.0  60.0  1.36  0.34145  0.12416  0.00  0.04  0.16  0.26  0.01  0.00  0.00047  6.30
 60.0  75.0  1.36  0.34145  0.12416  0.00  0.03  0.16  0.26  0.01  0.00  0.00047  6.30
 75.0  90.0  1.36  0.34145  0.12416  0.00  0.02  0.16  0.26  0.01  0.00  0.00047  6.30
 90.0 105.0  1.36  0.34145  0.12416  0.00  0.01  0.16  0.26  0.01  0.00  0.00047  6.30
105.0 120.0  1.36  0.34145  0.12416  0.00  0.00  0.16  0.26  0.01  0.00  0.00047  6.30
120.0 150.0  1.36  0.34145  0.12416  0.00  0.00  0.16  0.26  0.01  0.00  0.00047  6.30
150.0 180.0  1.36  0.34145  0.12416  0.00  0.00  0.16  0.26  0.01  0.00  0.00047  6.30
